		SIKKIM MANIPAL UNIVERSITY 

		GRADE SHEET - MAY/JUNE 2026 EXAMINATIONS.  

Subject Code  : GN201B1		refcode(CSE406)
Subject Title : UNIVERSAL HUMAN VALUE II (GN201B1)
Subject Credit : 3.0 

REGNO		INT	   UM		TOT	GRADE
202300145	 0.00	   DT	      0.00	DT
202300270	18.80	 17.5	     36.00	E
202400006	31.40	 31.5	     63.00	C
202400013	22.30	   34	     57.00	C
202400015	30.10	   39	     70.00	B
202400023	26.20	 24.5	     51.00	D
202400024	31.50	 33.5	     65.00	B
202400026	24.30	   33	     58.00	C
202400027	36.40	   43	     80.00	A
202400032	35.60	 32.5	     69.00	B
202400042	37.80	 39.5	     78.00	A
202400048	31.90	 38.5	     71.00	B
202400050	26.40	   33	     60.00	C
202400051	30.70	   33	     64.00	C
202400060	31.40	   25	     57.00	C
202400063	29.00	 30.5	     60.00	C
202400067	 0.00	   DT	      0.00	DT
202400079	32.63	 38.5	     72.00	B
202400084	33.30	   35	     69.00	B
202400087	33.40	   MP	      0.00	MP
202400092	25.00	   AB	      0.00	I
202400099	31.00	   32	     63.00	C
202400104	34.60	   36	     71.00	B
202400105	32.00	 35.5	     68.00	B
202400108	31.50	 36.5	     68.00	B
202400109	39.60	 48.5	     89.00	S
202400111	34.67	 41.5	     77.00	A
202400117	37.92	   39	     77.00	A
202400123	32.75	 33.5	     67.00	B
202400126	31.00	   27	     58.00	C
202400137	31.50	 36.5	     68.00	B
202400150	28.50	 29.5	     58.00	C
202400161	37.45	 35.5	     73.00	B
202400162	30.00	 31.5	     62.00	C
202400164	37.00	   41	     78.00	A
202400173	30.00	 33.5	     64.00	C
202400175	35.10	   31	     67.00	B
202400178	28.00	 31.5	     60.00	C
202400179	25.00	 24.5	     50.00	D
202400180	34.00	 35.5	     70.00	B
202400183	31.00	 25.5	     57.00	C
202400187	25.50	   24	     50.00	D
202400191	29.00	   28	     57.00	C
202400203	29.50	 30.5	     60.00	C
202400204	25.00	   26	     51.00	D
202400210	28.50	 34.5	     63.00	C
202400211	33.00	   26	     59.00	C
202400212	33.50	 31.5	     65.00	B
202400214	33.50	 42.5	     76.00	A
202400217	34.00	   45	     79.00	A
202400230	26.50	   24	     51.00	D
202400232	30.50	 36.5	     67.00	B
202400233	35.45	   35	     71.00	B
202400237	22.30	   AB	      0.00	I
202400239	33.50	 31.5	     65.00	B
202400243	40.90	 46.5	     88.00	S
202400245	32.40	   35	     68.00	B
202400249	33.10	 29.5	     63.00	C
202400254	37.50	   33	     71.00	B
202400256	35.70	 34.5	     71.00	B
202400260	31.20	 30.5	     62.00	C
202400261	29.10	   28	     58.00	C
202400263	24.50	 27.5	     52.00	D
202400266	35.50	 35.5	     71.00	B
202400267	36.70	   25	     62.00	C
202400268	37.00	   30	     67.00	B
202400276	26.30	   35	     62.00	C
202400277	30.30	   31	     62.00	C
202400282	24.90	   36	     61.00	C
202400284	27.00	 31.5	     59.00	C
202400288	29.30	   32	     62.00	C
202400293	29.30	 37.5	     67.00	B
202400301	22.50	 24.5	     47.00	D
202400316	31.30	 29.5	     61.00	C
202400319	19.30	   15	     35.00	F
202400329	28.50	   27	     56.00	C
202400334	 0.00	   DT	      0.00	DT
202400335	24.50	 31.5	     56.00	C
202400345	26.30	   27	     54.00	D
202400347	26.20	 30.5	     57.00	C
202400348	22.20	   33	     56.00	C
202400349	29.90	 32.5	     63.00	C
202400354	40.50	 42.5	     83.00	A
202400359	27.70	   25	     53.00	D
202400365	32.70	 28.5	     62.00	C
202400368	31.40	 33.5	     65.00	B
202400373	32.40	 33.5	     66.00	B
202400375	31.70	   36	     68.00	B
202400376	31.60	 25.5	     58.00	C
202400377	37.60	 36.5	     75.00	A
202400378	30.60	   30	     61.00	C
202400382	29.90	 39.5	     70.00	B
202400387	21.20	   24	     46.00	D
202400391	27.70	 25.5	     54.00	D
202400401	29.60	 28.5	     59.00	C
202400404	39.10	 33.5	     73.00	B
202400406	41.40	   41	     83.00	A
202400411	29.80	 28.5	     59.00	C
202400412	23.90	   24	     48.00	D
202400420	29.50	 24.5	     54.00	D
202400429	28.00	   35	     63.00	C
202400430	32.20	 25.5	     58.00	C
202400431	28.80	   30	     59.00	C
202400433	34.90	 36.5	     72.00	B
202400436	28.70	   30	     59.00	C
202400438	32.30	   38	     71.00	B
202400444	30.80	   30	     61.00	C
202400446	37.40	 44.5	     82.00	A
202400449	35.40	   35	     71.00	B
202400453	25.50	 30.5	     56.00	C
202400454	30.10	   28	     59.00	C
202400459	31.40	   36	     68.00	B
202400463	23.50	 19.5	     43.00	E
202400464	25.10	 20.5	     46.00	D
202400468	31.83	 29.5	     62.00	C
202400484	20.83	 17.5	     39.00	E
202400486	37.40	   32	     70.00	B
202400487	34.27	   30	     65.00	B
202400494	29.73	 30.5	     61.00	C
202400498	33.40	   37	     71.00	B
202400502	34.43	   30	     65.00	B
202400511	28.30	   21	     50.00	D
202400514	30.87	 33.5	     65.00	B
202400515	29.40	   20	     50.00	D
202400517	25.80	   32	     58.00	C
202400518	23.20	   32	     56.00	C
202400522	30.40	 12.5	     43.00	F
202400526	35.17	 34.5	     70.00	B
202400527	31.83	 29.5	     62.00	C
202400529	30.53	   33	     64.00	C
202400531	39.63	   42	     82.00	A
202400539	36.00	 38.5	     75.00	A
202400541	27.67	 32.5	     61.00	C
202400542	33.80	 39.5	     74.00	B
202400546	39.20	   40	     80.00	A
202400547	33.92	 33.5	     68.00	B
202400550	31.10	   35	     67.00	B
202400551	32.60	   33	     66.00	B
202400552	33.90	   27	     61.00	C
202400558	30.87	   36	     67.00	B
202400562	32.50	 26.5	     59.00	C
202400565	29.20	   21	     51.00	D
202400568	29.63	 31.5	     62.00	C
202400569	35.73	 34.5	     71.00	B
202400576	28.30	 25.5	     54.00	D
202400703	40.70	   37	     78.00	A
202400706	32.63	   43	     76.00	A
202400710	24.23	 27.5	     52.00	D
202400715	34.93	   29	     64.00	C
202400716	38.53	   38	     77.00	A
202400720	27.93	   30	     58.00	C
202400722	34.90	   30	     65.00	B
202400725	24.77	   27	     52.00	D
202400726	31.03	   34	     66.00	B
202400729	26.20	 27.5	     54.00	D
202400731	28.42	   28	     57.00	C
202400733	36.47	   42	     79.00	A
202400737	39.23	 36.5	     76.00	A
202400739	31.07	   27	     59.00	C
202400741	28.47	   21	     50.00	D
202400744	32.33	 38.5	     71.00	B
202400745	32.70	 22.5	     56.00	C
202400749	27.63	   27	     55.00	C
202400751	40.40	   MP	      0.00	MP
202400752	35.47	   AB	      0.00	I
202400753	31.40	 15.5	     47.00	F
202400755	28.50	 28.5	     57.00	C
202400756	29.33	 31.5	     61.00	C
202400760	29.87	 25.5	     56.00	C
202400762	32.10	 30.5	     63.00	C
202400764	37.17	   31	     69.00	B
202400768	36.10	   32	     69.00	B
202400769	31.77	   30	     62.00	C
202511501	32.00	   28	     60.00	C
202511504	26.00	   27	     53.00	D
202511505	26.20	 27.5	     54.00	D
202511542	29.53	   41	     71.00	B
202511545	27.00	 43.5	     71.00	B
202300534	 0.00	   DT	      0.00	DT
202300586	35.40	 35.5	     71.00	B
202300639	 0.00	   DT	      0.00	DT
202400001	27.90	   30	     58.00	C
202400005	23.60	   25	     49.00	D
202400018	34.00	   38	     72.00	B
202400020	38.10	 33.5	     72.00	B
202400033	37.60	 28.5	     67.00	B
202400044	28.80	 29.5	     59.00	C
202400045	33.60	 35.5	     70.00	B
202400056	34.90	 35.5	     71.00	B
202400074	35.70	 32.5	     69.00	B
202400076	20.70	   AB	      0.00	I
202400077	27.10	 23.5	     51.00	D
202400096	30.90	   28	     59.00	C
202400120	29.70	 31.5	     62.00	C
202400127	39.30	   38	     78.00	A
202400132	34.30	 34.5	     69.00	B
202400136	 0.00	   DT	      0.00	DT
202400138	34.00	 30.5	     65.00	B
202400181	35.30	   45	     81.00	A
202400186	30.10	   30	     61.00	C
202400193	34.00	   31	     65.00	B
202400201	36.10	   27	     64.00	C
202400219	16.30	   19	     36.00	E
202400223	37.30	   36	     74.00	B
202400234	31.50	   25	     57.00	C
202400251	34.90	 39.5	     75.00	A
202400258	32.70	 26.5	     60.00	C
202400269	29.80	 28.5	     59.00	C
202400271	32.00	   30	     62.00	C
202400291	32.50	   38	     71.00	B
202400297	29.80	 30.5	     61.00	C
202400302	39.50	 38.5	     78.00	A
202400309	27.80	 21.5	     50.00	D
202400318	31.80	   30	     62.00	C
202400338	 0.00	   DT	      0.00	DT
202400344	19.00	   19	     38.00	E
202400350	40.60	 37.5	     79.00	A
202400355	32.10	   30	     63.00	C
202400372	33.40	 33.5	     67.00	B
202400390	23.70	   27	     51.00	D
202400400	27.90	 24.5	     53.00	D
202400405	27.80	 26.5	     55.00	C
202400407	36.90	 36.5	     74.00	B
202400408	27.80	 24.5	     53.00	D
202400410	40.00	 41.5	     82.00	A
202400417	38.30	 35.5	     74.00	B
202400419	24.50	 21.5	     46.00	D
202400421	35.90	 38.5	     75.00	A
202400427	24.30	 20.5	     45.00	D
202400441	26.40	   27	     54.00	D
202400451	28.80	 31.5	     61.00	C
202400456	30.80	 34.5	     66.00	B
202400488	31.20	   30	     62.00	C
202400493	28.20	   21	     50.00	D
202400508	23.00	 12.5	     36.00	F
202400512	20.70	 34.5	     56.00	C
202400533	27.30	   30	     58.00	C
202400548	23.10	   30	     54.00	D
202400701	24.20	 32.5	     57.00	C
202400709	29.00	 31.5	     61.00	C
202400717	25.40	   23	     49.00	D
202400718	31.30	   33	     65.00	B
202400719	34.50	   34	     69.00	B
202400730	34.60	 23.5	     59.00	C
202400734	28.10	   28	     57.00	C
202400736	23.70	   24	     48.00	D
202400738	22.40	   24	     47.00	D
202400740	29.70	 23.5	     54.00	D
202400763	37.50	 28.5	     66.00	B
202543501	33.20	 35.5	     69.00	B
202543503	 0.00	   DT	      0.00	DT
202543508	28.10	 28.5	     57.00	C
202543509	27.80	   22	     50.00	D
202300439	 0.00	   AB	      0.00	I
202400009	32.97	 30.5	     64.00	C
202400065	35.57	   29	     65.00	B
202400101	23.47	 23.5	     47.00	D
202400118	34.63	 31.5	     67.00	B
202400141	25.67	 20.5	     47.00	D
202400177	31.03	   35	     67.00	B
202400235	34.80	 33.5	     69.00	B
202400252	30.83	   29	     60.00	C
202400272	26.30	   30	     57.00	C
202400274	29.60	 27.5	     58.00	C
202400279	29.20	   30	     60.00	C
202400304	30.80	   31	     62.00	C
202400320	20.37	 22.5	     43.00	E
202400325	31.57	   31	     63.00	C
202400327	34.30	 35.5	     70.00	B
202400343	27.67	   28	     56.00	C
202400380	32.23	 32.5	     65.00	B
202400445	33.80	   32	     66.00	B
202400564	29.27	 25.5	     55.00	C
202400705	24.47	   21	     46.00	D
202542501	17.17	   19	     37.00	E
202542502	18.70	 14.5	     34.00	F
202542503	21.73	 19.5	     42.00	E
202542504	22.50	 15.5	     38.00	F
202542505	27.30	   23	     51.00	D
202300174	34.87	 30.5	     66.00	B
202400031	32.10	   37	     70.00	B
202400295	29.50	 29.5	     59.00	C
202400366	37.70	 38.5	     77.00	A
202400473	31.40	   35	     67.00	B
202400700	33.45	 32.5	     66.00	B
202512501	30.40	 30.5	     61.00	C
202512512	24.70	 20.5	     46.00	D
202412508	 0.00	   DT	      0.00	DT
202400022	21.20	   12	     34.00	F
202400086	36.80	   31	     68.00	B
202400119	35.30	 33.5	     69.00	B
202400129	35.10	 42.5	     78.00	A
202400192	31.50	 31.5	     63.00	C
202400200	30.70	 23.5	     55.00	C
202400280	34.60	   38	     73.00	B
202400317	29.60	   25	     55.00	C
202513502	27.30	   24	     52.00	D
202513503	28.40	   28	     57.00	C
202513504	34.60	   34	     69.00	B
202513513	24.30	 23.5	     48.00	D
202513514	31.90	 23.5	     56.00	C
202513515	25.10	   28	     54.00	D
202513516	33.30	 27.5	     61.00	C
202513517	36.30	 32.5	     69.00	B
202513518	19.80	   20	     40.00	E
202400221	35.70	   36	     72.00	B
202400530	32.50	   20	     53.00	D
202400566	30.10	   27	     58.00	C
202400574	33.50	 33.5	     67.00	B
202400091	31.95	 25.5	     58.00	C
202400134	35.05	   38	     74.00	B
202400238	28.85	   22	     51.00	D
202400477	36.00	 32.5	     69.00	B
202400491	33.10	 25.5	     59.00	C
202400495	40.85	 34.5	     76.00	A
202400525	33.35	 24.5	     58.00	C
202515501	35.60	   31	     67.00	B
202515502	29.20	 24.5	     54.00	D
202515531	29.50	  3.5	     33.00	F
202515532	40.40	 33.5	     74.00	B
202515533	32.45	 16.5	     49.00	F
202515534	34.00	 27.5	     62.00	C
202515535	27.45	 24.5	     52.00	D
202515536	32.30	   33	     66.00	B
202515537	31.00	 34.5	     66.00	B
202200191	 0.00	   DT	      0.00	DT
202200229	22.85	   17	     40.00	F
202300433	28.85	   24	     53.00	D
202400025	29.40	   33	     63.00	C
202400054	27.55	   20	     48.00	D
202400081	33.10	   26	     60.00	C
202400097	22.60	 17.5	     41.00	E
202400110	27.40	 24.5	     52.00	D
202400128	39.05	 40.5	     80.00	A
202400190	23.75	   20	     44.00	E
202400206	25.55	 21.5	     48.00	D
202400278	32.30	 26.5	     59.00	C
202400286	20.70	   19	     40.00	E
202400305	26.80	 24.5	     52.00	D
202400315	18.60	 21.5	     41.00	E
202400379	30.70	   35	     66.00	B
202400394	33.10	   24	     58.00	C
202400395	33.65	   32	     66.00	B
202400396	33.70	   32	     66.00	B
202400397	22.85	    6	     29.00	F
202400413	29.25	   25	     55.00	C
202400424	34.00	 35.5	     70.00	B
202400460	35.50	 37.5	     73.00	B
202400490	28.85	 28.5	     58.00	C
202400496	24.20	   26	     51.00	D
202400509	28.75	   25	     54.00	D
202400534	26.55	 21.5	     49.00	D
202400570	35.20	   34	     70.00	B
202518501	21.15	 27.5	     49.00	D
202518502	28.50	   18	     47.00	D
202518503	28.70	   25	     54.00	D
202518504	17.85	   AB	      0.00	I
202518505	24.80	 14.5	     40.00	F
202518506	25.50	 26.5	     52.00	D
202518507	31.10	   24	     56.00	C
202518508	 0.00	   DT	      0.00	DT
202518509	24.65	 21.5	     47.00	D
202518510	28.90	 25.5	     55.00	C
202518511	32.55	   29	     62.00	C
202518512	26.15	 33.5	     60.00	C
202518513	12.75	   AB	      0.00	I
202518514	 0.00	   DT	      0.00	DT
202518521	29.35	 26.5	     56.00	C
202518522	13.75	 20.5	     35.00	E
202518523	29.15	 30.5	     60.00	C
202518524	23.60	   27	     51.00	D
202518525	21.15	 19.5	     41.00	E
202518526	19.50	   23	     43.00	E
202300049	 0.00	   AB	      0.00	I
202200217	24.10	   13	     38.00	F
202400007	30.90	 25.5	     57.00	C
202400021	33.00	   31	     64.00	C
202400029	28.50	 26.5	     55.00	C
202400034	34.50	 30.5	     65.00	B
202400052	40.20	   38	     79.00	A
202400102	37.10	   27	     65.00	B
202400113	39.00	 36.5	     76.00	A
202400130	32.80	   31	     64.00	C
202400168	38.70	   31	     70.00	B
202400195	40.20	 44.5	     85.00	S
202400198	37.80	   35	     73.00	B
202400240	37.10	   40	     78.00	A
202400241	29.60	 23.5	     54.00	D
202400246	33.60	   34	     68.00	B
202400250	34.60	 29.5	     65.00	B
202400262	32.50	 31.5	     64.00	C
202400264	40.30	   37	     78.00	A
202400265	37.50	   23	     61.00	C
202400289	34.90	 31.5	     67.00	B
202400303	42.00	   43	     85.00	S
202400311	35.10	   32	     68.00	B
202400313	30.20	   24	     55.00	C
202400314	37.30	 31.5	     69.00	B
202400324	35.10	 29.5	     65.00	B
202400326	 0.00	   DT	      0.00	DT
202400333	33.40	   35	     69.00	B
202400340	28.30	   24	     53.00	D
202400341	31.40	 20.5	     52.00	D
202400351	28.10	   24	     53.00	D
202400374	30.70	 16.5	     48.00	F
202400381	36.20	 35.5	     72.00	B
202400385	40.60	 36.5	     78.00	A
202400416	37.70	   36	     74.00	B
202400443	34.20	   32	     67.00	B
202400462	29.30	   28	     58.00	C
202400467	37.40	   36	     74.00	B
202400470	42.70	   34	     77.00	A
202400474	40.80	 41.5	     83.00	A
202400480	34.50	   26	     61.00	C
202400497	34.00	   26	     60.00	C
202400500	28.60	   19	     48.00	D
202400504	35.10	   37	     73.00	B
202400507	38.70	   36	     75.00	A
202400510	36.10	 29.5	     66.00	B
202400513	 0.00	   DT	      0.00	DT
202400519	34.30	   32	     67.00	B
202400523	42.00	 36.5	     79.00	A
202400535	34.20	 27.5	     62.00	C
202400537	31.40	 33.5	     65.00	B
202400538	39.50	 38.5	     78.00	A
202400543	34.80	   27	     62.00	C
202400553	34.40	 25.5	     60.00	C
202400560	35.70	   39	     75.00	A
202400712	30.50	 22.5	     53.00	D
202400759	30.50	 30.5	     61.00	C
202400765	42.60	 35.5	     79.00	A
202541503	26.40	 24.5	     51.00	D
202400008	33.50	   27	     61.00	C
202400563	30.25	 21.5	     52.00	D
202400167	34.90	   36	     71.00	B
202400169	23.60	   AB	      0.00	I
202400170	25.40	 23.5	     49.00	D
202400174	30.40	 24.5	     55.00	C
202400255	30.90	 26.5	     58.00	C
202400358	38.00	 40.5	     79.00	A
202400384	34.80	   30	     65.00	B
202400389	21.30	   19	     41.00	E
202400392	19.50	 23.5	     43.00	E
202400393	30.20	   26	     57.00	C
202400398	32.30	   30	     63.00	C
202400505	43.70	 40.5	     85.00	S
202400754	21.30	 21.5	     43.00	E
202400761	25.30	 28.5	     54.00	D
202545501	28.40	   AB	      0.00	I


NOTE: IF UM<35 (35 Percent out of 100 Marks ) and Total <35 (35 Percent out of 100 Marks),then Theory Subject Grade is F

Mean = 61.286053		SD = 10.904193
Lower cut off for E = 35.000000
Lower cut off for S = 85.000000
Step size = 10.000000
Lower cut off for D = 45.000000
Lower cut off for C = 55.000000
Lower cut off for B = 65.000000
Lower cut off for A = 75.000000
No. of Absentees = 10
No. of Malpractices = 2
No. of Detentions = 14
No. of NA = 0
No. of students appeared = 423

Abbreviations : INT = IN SEM marks, UM : END SEM marks.

